[Evaluate]
type = circle
vt = 3.141592653589793
end_time = 100
sigma = 0.5

# circle type
center = 514.159265389793,400
radius = 200